Techniques=FilmicPass@FilmicPass.fx,prod80_02_Cinetools_LUT@PD80_02_Cinetools_LUT.fx,LumaSharpen@LumaSharpen.fx,prod80_03_FilmicTonemap@PD80_03_Filmic_Adaptation.fx,Clarity2@Clarity2.fx,prod80_04_ContrastBrightnessSaturation@PD80_04_Contrast_Brightness_Saturation.fx
TechniqueSorting=FilmicPass@FilmicPass.fx,prod80_02_Cinetools_LUT@PD80_02_Cinetools_LUT.fx,LumaSharpen@LumaSharpen.fx,prod80_03_FilmicTonemap@PD80_03_Filmic_Adaptation.fx,Clarity2@Clarity2.fx,prod80_04_ContrastBrightnessSaturation@PD80_04_Contrast_Brightness_Saturation.fx

[FilmicPass.fx]
BaseCurve=1.500000
BaseGamma=1.000000
Bleach=-0.143000
BlueCurve=1.000000
Contrast=1.027000
EffectGamma=0.650000
EffectGammaB=1.000000
EffectGammaG=1.000000
EffectGammaR=1.000000
Fade=0.474000
GreenCurve=1.000000
Linearization=0.565000
LumCoeff=0.212656,0.715158,0.072186
RedCurve=1.000000
Saturation=-0.224000
Strength=0.395000

[PD80_02_Cinetools_LUT.fx]
dither_strength=1.000000
enable_dither=1
ib=0.000000,0.000000,0.000000
ig=1.000000
iw=1.000000,1.000000,1.000000
ob=0.000000,0.000000,0.000000
ow=1.000000,1.000000,1.000000
PD80_Intensity=1.000000
PD80_LutSelector=0
PD80_MixChroma=1.000000
PD80_MixLuma=1.000000

[LumaSharpen.fx]
offset_bias=0.514000
pattern=3
sharp_clamp=0.038000
sharp_strength=2.665000
show_sharpen=0

[PD80_03_Filmic_Adaptation.fx]
adj_linear=4.494998
adj_shoulder=1.450000
adj_toe=3.179999

[Clarity2.fx]
BlendIfRange=0.200000
ClarityBlendIfDarkTwo=50
ClarityBlendIfLightTwo=205
ClarityBlendModeTwo=2
ClarityDarkIntensityTwo=0.400000
ClarityLightIntensityTwo=0.000000
ClarityOffsetTwo=8.000000
ClarityRadiusTwo=3
ClarityStrengthTwo=0.400000
DitherStrength=1.000000
MaskContrast=0.000000
PreprocessorDefinitions=0

[PD80_04_Contrast_Brightness_Saturation.fx]
brightness=0.000000
brightnessD=0.000000
contrast=0.333000
contrastD=0.000000
depthCurve=1.000000
depthEnd=0.100000
depthStart=0.000000
display_depth=0
dither_strength=1.000000
enable_depth=0
enable_dither=1
exposureD=0.000000
exposureN=0.000000
huemid=0.000000
huerange=0.167000
saturation=0.188000
saturationD=0.000000
sat_a=0.000000
sat_b=0.000000
sat_custom=0.000000
sat_g=0.000000
sat_m=0.000000
sat_p=0.000000
sat_r=0.000000
sat_y=0.000000
tint=0.000000
vibrance=0.521000
vibranceD=0.000000
